"","ncomp","RMSE","Rsquared","MAE","RMSESD","RsquaredSD","MAESD"
"1",1,4867.40602871401,0.00930824129981004,2271.71304993113,924.484739470873,0.00720260856456253,119.955191288306
"2",2,4864.39893414058,0.0103570202509472,2254.66094009302,922.138265045851,0.00670382083442909,121.513103575501
"3",3,4855.36987001277,0.0140253880333618,2244.64481163224,919.794655019818,0.00794627666147045,119.223755482048
"4",4,4855.53139609581,0.0139500926296997,2246.34782366852,919.232446817626,0.00794668613315152,118.959984186373
"5",5,4850.17992423577,0.0159435788247386,2231.88334972216,917.344085332829,0.00821150765033988,121.495140648601
"6",6,4835.79379717885,0.0225550900978417,2204.09637430957,920.07450470932,0.0114239823981867,129.492899635551
"7",7,4821.08805585356,0.0288500463331041,2190.4808349713,916.095001886508,0.0140226194649928,126.349772142591
"8",8,4801.35146704795,0.0379238645260524,2153.92132241938,920.748917378041,0.0196884965610319,123.749062932763
"9",9,4795.34076500391,0.0405603431040342,2139.77260636246,920.89567124366,0.0215590150457202,125.270154730341
"10",10,4768.70890015825,0.0518320811286398,2091.92086506295,923.792496867234,0.025334041881098,129.571028055338
"11",11,4736.04251035863,0.0654239775073457,2067.70108402826,929.312258907715,0.0287915656071442,126.844219988621
"12",12,4725.9420358185,0.0690451597822388,2065.65644882957,926.348544171949,0.025574034583679,124.115074219961
"13",13,4723.15684743853,0.0701872047037774,2075.22054784433,922.110959494405,0.0240729787274204,120.965227279449
"14",14,4722.85112574983,0.0705151755177932,2072.20954701714,921.551873579456,0.0242230100356333,121.214294734359
"15",15,4722.97983124724,0.0705136026413705,2076.84215297452,918.699040024707,0.0237739375509156,119.587806003448
